0.00053029483131843038 9.9999999999999995e-07 0
0.00091919634422381574 9.9999999999999995e-07 0
0.00086826358531939644 0.00028968520914382517 0
0.00057571110907041385 0.00021023954179980508 0
0.0026146429600771748 9.9999999999999995e-07 1
0.0030187142339465197 9.9999999999999995e-07 1
0.0029119131261194065 0.00025281317711550022 1
0.002663916447539022 0.00020304245657440563 1
9.9999999999999995e-07 9.9999999999999995e-07 2
0.00026717385413400717 9.9999999999999995e-07 2
0.00025303846418207448 0.00035968447720838921 2
9.9999999999999995e-07 0.00037143774694444164 2
0.00026917540659929853 9.9999999999999995e-07 3
0.00052824826107993148 9.9999999999999995e-07 3
0.00057379529136175817 0.0002108419381384699 3
0.0004506120529560049 0.00039466620844288367 3
0.00032627237419029096 0.00041046227912666373 3
0.00025502217373728252 0.0003601372397354129 3
0.00091086689011740359 0.00036754854986025139 4
0.0006371532417277743 0.00056536966304333955 4
0.00045249738339262082 0.00039544548146239449 4
0.00057529369127399686 0.00021219862105743381 4
0.00086839111442118231 0.00029179227439887182 4
0.00092122723326899629 9.9999999999999995e-07 5
0.0012522731797528675 9.9999999999999995e-07 5
0.001232384853683389 0.00029676345402601109 5
0.00091268500767070098 0.00036670172751175151 5
0.00087010494512532134 0.00029075945466380636 5
0.001254277696412155 9.9999999999999995e-07 6
0.0015851584243998745 9.9999999999999995e-07 6
0.0016107836662592992 0.00029985260283322147 6
0.0014242859656505116 0.00042990586463172549 6
0.0013387872197562799 0.00041173916309540171 6
0.0012343585839598901 0.00029722128475938281 6
0.0015871657632123325 9.9999999999999995e-07 7
0.0019707257139116104 9.9999999999999995e-07 7
0.0019600873336204443 0.00028690929039081145 7
0.0017903034853804661 0.00037579126411442211 7
0.0016127744707616341 0.00029965977259015453 7
0.001972727097937596 9.9999999999999995e-07 8
0.0023152655931441318 9.9999999999999995e-07 8
0.0023063932407802923 0.00032988924538130863 8
0.0021371121331610664 0.00038844266866955854 8
0.0019620867334410796 0.00028696261643557585 8
0.0023172663207550815 9.9999999999999995e-07 9
0.0026125843431228984 9.9999999999999995e-07 9
0.0026620296675283917 0.00020374706182994736 9
0.0025682920368980508 0.00036749113030935658 9
0.0024462296773502409 0.00040686126209040001 9
0.0023083901844889857 0.00033002951086070695 9
0.0028069586340307437 0.00059468934889991181 10
0.0025702238762295034 0.00036814216009168455 10
0.0026636055230848023 0.00020501993612920968 10
0.0029118200866894949 0.00025483438425051623 10
0.0029643534012329109 0.00036885124314372831 10
0.003020886684046281 1.0000000000000002e-06 11
0.003199 9.9999999999999995e-07 11
0.003199 0.00041493823935863497 11
0.0029661969122609915 0.00036807301125871256 11
0.002913608819462257 0.00025393726314898419 11
9.9999999999999995e-07 0.00074489088458571143 12
9.9999999999999995e-07 0.00037343992038538074 12
0.00025370512232429941 0.00036165556248588974 12
0.00032491062517316858 0.00041194903131769382 12
0.00027127699697371223 0.00069500228912931544 12
0.0002732212827540523 0.00069548413432775054 13
0.00032686006156356804 0.00041240369400012266 13
0.00045085437731955152 0.0003966514981161444 13
0.00063609292524460575 0.00056711188284045203 13
0.00064005059760633234 0.00067574592083826063 13
0.00041469934918222066 0.00081876259905318965 13
0.00064205222036707826 0.00067575404479599957 14
0.00063809586165581602 0.00056715606515305404 14
0.0009117112383060942 0.00036940597592141004 14
0.0010266887622359039 0.00066571549385636487 14
0.00081965592706037679 0.0008022227265919407 14
0.0010286611508974156 0.00066526990502961398 15
0.00091352989232109912 0.00036856419627892968 15
0.0012329821586907598 0.00029868008388522435 15
0.0013369551710938122 0.00041269831934142047 15
0.0011194192960034917 0.00068932894881561311 15
0.0015144084965652773 0.00066959176924258725 16
0.001251300347233707 0.00087697239499672387 16
0.0011210432423106019 0.00069049934403289052 16
0.0013386661175203364 0.00041375808040335337 16
0.0014237618604446452 0.00043183915220796265 16
0.001425714907644001 0.00043134766896112066 17
0.0016119457221653634 0.00030148051887383346 17
0.0017893751951873359 0.00037756932300835836 17
0.0018008908499102967 0.00063534538290953811 17
0.0016387920007265328 0.00072342839813306766 17
0.001516390703263078 0.00066917676701438447 17
0.0018028891153762602 0.00063526190481690481 18
0.001791373581373344 0.0003774885472143128 18
0.0019610404286909567 0.00028866782356257354 18
0.0021359197818403546 0.00039006319772334151 18
0.002097275281096067 0.00065658171232718394 18
0.0019762487875901549 0.000712016554816255 18
0.0020992821643932976 0.00065667848369770467 19
0.0021379087709119606 0.00039028337973034391 19
0.0023072782047277706 0.00033169940488646704 19
0.002445084611897744 0.00040851271414754035 19
0.0024288762524366562 0.00066295042212440242 19
0.0022884170965974376 0.00074684363316345154 19
0.0025687069600819558 0.00036945875980137809 20
0.0028056316626182969 0.00059618771932280995 20
0.0026223275856128501 0.00075713528888486387 20
0.0024308811900098861 0.00066293655060724657 20
0.0024470774174457262 0.00040868929032525147 20
0.003199 0.00041697836199310642 21
0.003199 0.00066736399309610126 21
0.0029352090774896113 0.0007257738896967235 21
0.0028084048873752323 0.00059611207450892788 21
0.002965946832240972 0.00037006279067267408 21
1.0000000000000002e-06 0.00098545395519444379 22
1.0000000000000002e-06 0.00074692467018020673 22
0.00027183892598404025 0.00069693235206377911 22
0.00041359936006726789 0.00082045686094208694 22
0.00041184449961246806 0.00096078679942391675 22
0.00029769654299123131 0.0010491626065131912 22
0.00061343127397781244 0.001082595458860892 23
0.00041384542604708084 0.00096072522050609326 23
0.00041559821525079293 0.00082056091259444729 23
0.00064103871339795022 0.00067748759302957732 23
0.00081864484471000842 0.0008039580013567048 23
0.00082214874838829304 0.0009725041740298229 23
0.00082064544115850128 0.00080396590522179186 24
0.0010280895931124021 0.00066718747050443421 24
0.0011191886676202357 0.00069133689114195685 24
0.0012499082759287047 0.00087847205122759805 24
0.0011857366673851963 0.00099300653581934684 24
0.00095701192720482086 0.0010734169014874099 24
0.00082415109705836662 0.00097259636395646105 24
0.0012528766306618749 0.00087827654353629084 25
0.0015157504327205249 0.00067108062921821356 25
0.0016378698114032826 0.00072520730615738423 25
0.0016498008036549532 0.00095686981137454671 25
0.0015261394317458339 0.0010327776178313628 25
0.0016517980309152551 0.00095676450594761088 26
0.0016398679621685683 0.00072511993230509075 26
0.0018019628577971541 0.00063703906540687409 26
0.0019752122219799818 0.00071374487674491093 26
0.0019584792158624442 0.0009690793409581046 26
0.0018328816430595359 0.0010429043834709363 26
0.0019604867539831433 0.00096902977775158335 27
0.0019772146040682123 0.00071377399113992871 27
0.0020981783286269473 0.00065836789927065326 27
0.002287485866080961 0.00074861533379063099 27
0.0022927843287807348 0.00095958377158035903 27
0.0021592711874801394 0.0010533293497958429 27
0.0022947811704934593 0.00095943290732976761 28
0.0022894844963239152 0.00074853568329579228 28
0.0024298869503129959 0.00066467633904350801 28
0.0026214991207719565 0.00075895664470829822 28
0.0026256258781657692 0.00094542869024696993 28
0.002488134813640398 0.0010439464065290741 28
0.0026276232373017424 0.00094528723192446743 29
0.0026234955097395123 0.00075877134826496373 29
0.0028070588279205614 0.00059759615563077058 29
0.0029338825845802502 0.00072727797831027158 29
0.0029338208992299619 0.00097166688462649623 29
0.0028403518949982405 0.0010432389001519501 29
0.003199 0.00066941243544725072 30
0.003199 0.0010250220790976113 30
0.0029358209807502458 0.00097134416483862004 30
0.0029358824848816694 0.00072767322283757161 30
0.0012951190322750173 0.0012744739108012473 31
0.0011875261054590147 0.00099390445036116513 31
0.0012514689839237545 0.00087977820677002363 31
0.0015250572782836986 0.0010344633129223994 31
0.0014883758400991067 0.0012513511740695079 31
0.001490311695587676 0.0012518983778521343 32
0.001527070544863544 0.0010345528049345266 32
0.001650890592183888 0.00095854759779212258 32
0.0018319127955132588 0.0010446582636836909 32
0.0018262323897309388 0.0012426123658483496 32
0.0015969456047103402 0.0013536450675861369 32
0.0018282289011099353 0.0012427626290180762 33
0.0018339148024634356 0.0010446170139755326 33
0.0019595153351344486 0.00097079023168076292 33
0.0021584128607407323 0.0010551377632973429 33
0.0021650017836864705 0.0012587183940597445 33
0.001978658243615373 0.0013570650884870247 33
0.0021670031484317775 0.0012587282044455167 34
0.0021604086232386598 0.0010549744787684021 34
0.0022939120462277798 0.00096123572421626482 34
0.0024872877580723197 0.0010457588694859873 34
0.0024972703389845381 0.0012428654538899509 34
0.0023100678497892475 0.0013428795542457833 34
0.0024992728012405664 0.0012428634581007757 35
0.0024892815244370219 0.0010455851728658639 35
0.0026267471643386668 0.00094708567431940236 35
0.0028394669131804736 0.0010450332404330067 35
0.0028353807514573488 0.0012291580409521982 35
0.0026347448552628762 0.0013236007866252388 35
0.003199 0.0010270632547979526 36
0.0031989999999999996 0.0012639853758672735 36
0.0029453535098692561 0.0013137846109478122 36
0.0028373776430335148 0.0012293202979370094 36
0.0028414703296285818 0.0010449014829303027 36
0.0029350671554812802 0.0009732315905619719 36
0.0011806400736969573 0.0015068340597411455 37
0.0011738596708232882 0.0014119898150830338 37
0.0012949581339260117 0.0012765074266289167 37
0.0014888878659679002 0.0012533041760477367 37
0.0015957571247438773 0.0013552754289469808 37
0.0015957550999980627 0.0014990089994817702 37
0.0014587242238744687 0.0016133346217914817 37
0.001597755101433281 0.0014989071296100107 38
0.0015977571219433252 0.0013554742498836884 38
0.0018270981373510117 0.0012444152869446978 38
0.0019775274442449566 0.0013587177193545557 38
0.0019659134956724368 0.001533070644435407 38
0.0017999969751067034 0.0016187123352384015 38
0.0019679089065494362 0.001533206076054876 39
0.0019795216763903566 0.0013588708465321754 39
0.0021659951054306768 0.0012604556004890955 39
0.0023090729825405876 0.0013446147003307214 39
0.0023192411129814581 0.0015445666454490165 39
0.0021248965337268963 0.0016437094843555677 39
0.0023212446484770486 0.0015445853494240448 40
0.0023110752703650547 0.001344608869385634 40
0.0024982742927586337 0.0012445966211902923 40
0.0026337059335691921 0.0013253098646384832 40
0.0026395852520852631 0.0015288885307335645 40
0.0024611649120884469 0.0016302051723553804 40
0.0026415852232679854 0.0015288586590828587 41
0.0026357081530530794 0.0013253578431928164 41
0.002836235589752524 0.0012309661512579105 41
0.0029440636177694474 0.0013153148170909348 41
0.0029270658944191845 0.0015636222711571956 41
0.0028286094553140579 0.0016310651104634139 41
0.003199 0.0012660235581337192 42
0.003199 0.0016276058268981963 42
0.002929086007685711 0.0015633968253198642 42
0.0029460427889339579 0.0013156874648280405 42
9.9999999999999995e-07 0.0018529538004648477 43
9.9999999999999995e-07 0.0016020000000000001 43
0.0003899948328301164 0.0016019999999999999 43
0.00039023262763496946 0.0018129066311397279 43
0.00028558498286961 0.0019038423384059098 43
9.9999999999999995e-07 0.001598 44
9.9999999999999995e-07 0.0013470461995351527 44
0.00028558498286960989 0.0012961576615940903 44
0.00039023262763496951 0.0013870933688602722 44
0.0003899948328301164 0.001598 44
0.00060991373988563205 0.0019256380584257171 45
0.00039223245656401615 0.0018127537762053529 45
0.00039199483410134642 0.0016020000000000001 45
0.00076932121408952942 0.0016020000000000001 45
0.00076754348843571536 0.00181294495689518 45
0.00039199483410134642 0.001598 46
0.00039223245656401615 0.0013872462237946473 46
0.00060991373988563238 0.0012743619415742833 46
0.00076754348843571536 0.0013870550431048206 46
0.00076932121408952953 0.001598 46
0.00077132971254850117 0.001601 47
0.0011100647547881346 0.001601 47
0.0011274133286628303 0.0018169701923845078 47
0.00095640367794521286 0.0019291923243244119 47
0.00076954385573278728 0.0018129098007071466 47
0.00076954385573278728 0.0013870901992928538 48
0.00095640367794521286 0.0012708076756755883 48
0.0011718698524283853 0.0014122036340906178 48
0.0011786641036529504 0.0015072415894182782 48
0.0011104848469251254 0.0015990000000000002 48
0.00077132971254850128 0.0015990000000000002 48
0.0011294106513653605 0.0018168566636587232 49
0.0011120145379998722 0.0016002946581922563 49
0.0011800384557791798 0.0015087453090714751 49
0.001457923424221951 0.0016151695885768104 49
0.001460500746196078 0.0018107953613108801 49
0.0012946641871759447 0.0019052255184294838 49
0.0014625007785323675 0.0018107846415383985 50
0.0014599205881686496 0.0016149411502050144 50
0.0015968532503611869 0.0015006974683243884 50
0.0017989153085786118 0.0016203961538375845 50
0.0017809474750831087 0.0018369243054687893 50
0.0016308626324476854 0.0019059835462607708 50
0.0017829454265561888 0.001837031831165614 51
0.0018009144379185727 0.0016204894852054864 51
0.001966793824288052 0.0015348669620859935 51
0.0021238102465451986 0.0016453906392098084 51
0.0021225491615572802 0.0018236547033445222 51
0.0019499342827224381 0.0019309653635126301 51
0.0021245492694628595 0.0018236465242247553 52
0.0021258096014486545 0.0016454889027328 52
0.0023202283817848322 0.0015463082109264691 52
0.0024601795265955127 0.0016319469306404876 52
0.0024714462589300961 0.001816609656422367 52
0.0022987631328167959 0.0019272313275261888 52
0.0024734451565352942 0.0018165306322620992 53
0.0024621820627674052 0.0016319275429057516 53
0.0026406115346622573 0.0015306057157022882 53
0.0028276339234925506 0.0016328111597880034 53
0.0028179765122888644 0.0018018902405724188 53
0.0026269198353838707 0.0019029411401731986 53
0.003199 0.001629661638343699 54
0.003199 0.0018503422877333006 54
0.0029474134143896921 0.0019079656546637745 54
0.0028199698590374626 0.0018020637949254354 54
0.0028296387175626605 0.0016327842978433389 54
0.0029282300941123624 0.0015652490261429206 54
9.9999999999999995e-07 0.0021765490425522472 55
9.9999999999999995e-07 0.0018549855242651495 55
0.0002849814874972488 0.0019057661471755453 55
0.00031834858196684487 0.0021654947498122197 55
0.00024452991850568427 0.0022118291693774723 55
9.9999999999999995e-07 0.0013450144757348509 56
9.9999999999999995e-07 0.00098749954315810007 56
0.00029690054519122426 0.0010510372725450314 56
0.00028492021200447027 0.0012942448099038052 56
0.00032033346464687692 0.0021652491336477228 57
0.00028693990908913426 0.0019053145585834876 57
0.00039137608579234293 0.0018145626108069628 57
0.00060900793177440357 0.0019274212560111104 57
0.00061223943066131422 0.0021075818860813379 57
0.0004593894522756619 0.0022110602493697006 57
0.00028690253162325514 0.0012946529615044881 58
0.00029891727630981536 0.0010507468512434223 58
0.0004129055368186223 0.00096249468432470144 58
0.00061238504355881065 0.0010842999890863982 58
0.00060900793177440379 0.0012725787439888901 58
0.00039137608579234304 0.0013854373891930372 58
0.00061423809943159699 0.0021074897328205887 59
0.00061100635602214513 0.0019273154702731106 59
0.00076857764311739159 0.0018146641641696814 59
0.00095541916246525923 0.0019309352979480022 59
0.00095578213426232659 0.0021003167796512508 59
0.00079929320877470029 0.002202492710096027 59
0.00061100635602214545 0.0012726845297268894 60
0.00061438439851959953 0.0010843538862566292 60
0.000823064387649399 0.00097428237362107953 60
0.00095583495479992079 0.0010750344156913348 60
0.00095541916246525923 0.0012690647020519982 60
0.00076857764311739159 0.0013853358358303187 60
0.00095778204467204873 0.0021002728292546357 61
0.00095741913028857121 0.0019309181397126052 61
0.0011285097209125302 0.0018186428923560535 61
0.0012936806013454983 0.0019069675474004677 61
0.001294107321637622 0.0021131056790606693 61
0.0011403632848946607 0.002203334952718627 61
0.00095741913028857088 0.001269081860287395 62
0.00095783450231449129 0.0010752477118029314 62
0.0011858389453458696 0.00099509057347308663 62
0.0012933121427452109 0.0012753478161975104 62
0.0011726605096197328 0.0014103303007635096 62
0.0012961072498050435 0.0021130689084323012 63
0.0012956805657541326 0.0019069482840151745 63
0.0014615101627804515 0.0018125220911742528 63
0.0016297647350061411 0.0019076603342971484 63
0.0016107054004029274 0.0021304541194418132 63
0.0014707450731194214 0.0022035835233968799 63
0.0016127068664155864 0.0021305223735422949 64
0.0016317625711313793 0.0019077710199082206 64
0.0017818502366278202 0.001838710480219993 64
0.0019489930495950815 0.0019327306153887778 64
0.0019595384421831554 0.0021145965254352628 64
0.001803108472343529 0.002234864333549926 64
0.0019615315422598892 0.0021144195935321256 65
0.001950992459286106 0.0019326624991352714 65
0.0021235568109332242 0.0018253832505459775 65
0.0022977921571028432 0.0019289808271892909 65
0.0023007429673369633 0.0021057616125830271 65
0.0021565295835829731 0.0022077286430419963 65
0.002302741378927341 0.0021056497614220931 66
0.0022997918792655196 0.0019289474914129302 66
0.002472513387057086 0.0018183012328147475 66
0.0026259244981093519 0.0019046759502905309 66
0.0026328088748351665 0.0021075566435158725 66
0.0024944424733491016 0.0022014268716373741 66
0.0026348048629775056 0.0021074044918048909 67
0.0026279255066355449 0.0019046717479142884 67
0.0028188184838697718 0.0018037074299460552 67
0.002946093197178866 0.0019094689868944992 67
0.0029168944086238411 0.0021383739737985187 67
0.0028370872852396724 0.0021937704431565972 67
0.003199 0.0018523940764911804 68
0.003199 0.0022158013619283496 68
0.0029189316191647659 0.0021382093042297506 68
0.0029480582828641231 0.0019098697428094223 68
9.9999999999999995e-07 0.0025309011256159138 69
9.9999999999999995e-07 0.0021785699208310911 69
0.00024366777372194663 0.0022137251489272461 69
0.00021615087341774091 0.0025137257509537944 69
0.00021811876213882173 0.0025141673720738473 70
0.00024570090145992359 0.0022134555073640714 70
0.00031955545401640061 0.0021670985609699351 70
0.00045874553659883561 0.002212953853426364 70
0.00055361106232535492 0.0025104424186921863 70
0.00031356587732271895 0.0025806133536682482 70
0.00055548391482443057 0.0025097325283519344 71
0.00046072317119982289 0.0022125725490178771 71
0.00061331916365994202 0.0021092661324196614 71
0.00079836481847305526 0.0022042642559599026 71
0.00080196990276372687 0.0023960016193327912 71
0.00080397204938109385 0.0023960969872075855 72
0.00080036363231277539 0.0022041823691723371 72
0.00095682105428895241 0.0021020270082380524 72
0.0011393523231796379 0.0022050609242499834 72
0.0011327212308190012 0.0023942310536159716 72
0.00095073540741966341 0.0024949098675857264 72
0.00113472034226581 0.0023942914448667869 73
0.0011413531274353567 0.0022050730234754435 73
0.0012951385102548706 0.0021148194846392393 73
0.0014697133285022364 0.0022053014441385061 73
0.0014577188166908881 0.0024257882114222737 73
0.0013046671046795431 0.0025010280148130186 73
0.0014597178624952409 0.0024258601116925872 74
0.0014717145403073933 0.0022053335283227019 74
0.0016116437323807642 0.0021322203925445067 74
0.001802229010862514 0.002236663006925143 74
0.0018094869199029187 0.0023847567663538164 74
0.0016210781196856826 0.0025164743391078068 74
0.0018114872663252063 0.0023847148554302601 75
0.0018042248347638502 0.002236528816375869 75
0.0019606898892089099 0.0021162340342190944 75
0.0021556429077403023 0.0022095215397489819 75
0.0021602495140588631 0.0023968156503525674 75
0.0019794908188210023 0.0024996780696376186 75
0.0021622501693743541 0.002396817702130149 76
0.0021576403438139193 0.0022093927044913243 76
0.0023018401968190683 0.0021074352410381577 76
0.0024935279072934645 0.0022032056644068886 76
0.0024960539562143163 0.0023845966940838083 76
0.0023130275705445704 0.0024883017125717209 76
0.0024980545214294504 0.0023846233558552422 77
0.002495526742547576 0.0022031081007887073 77
0.0026339365504705475 0.0021092084249682663 77
0.002836176483735338 0.002195556235333527 77
0.0028284032394113486 0.0023900873964025049 77
0.0026418977607554875 0.0024768864712775718 77
0.003199 0.0022178766979948313 78
0.003199 0.0023883013331123587 78
0.0029360348905925026 0.0024703406761880774 78
0.0028303981333632957 0.0023902551219402005 78
0.0028381825327733669 0.0021954447966308095 78
0.0029180150427385331 0.0021400307057009116 78
9.9999999999999995e-07 0.0029014899964786376 79
9.9999999999999995e-07 0.0025329074882353576 79
0.00021679236529986251 0.0025156809036327756 79
0.00031235682080855184 0.0025822085722749873 79
0.00029738480197082757 0.0028431847493483064 79
0.00041442454473324201 0.0029355286685247739 80
0.00029936669312899861 0.0028435577254267964 80
0.00031434515420374287 0.0025824692541861027 80
0.00055431645743010216 0.0025123199166160416 80
0.00068497348777470557 0.0028062379760052862 80
0.00068674613022725087 0.0028053020179653792 81
0.00055618942095260915 0.0025116096347155754 81
0.00080289016177657229 0.0023977796367340462 81
0.0009496864303395763 0.0024966146751205453 81
0.00095032239414097525 0.0026541281951758294 81
0.00095232282763626477 0.0026542315244273752 82
0.0009516866670477484 0.0024966692647559485 82
0.0011336685753558255 0.002395992616706249 82
0.0013035494080824109 0.0025026877789282977 82
0.0012839544915617758 0.0026935947504639641 82
0.0011038619537983845 0.0027785744206093926 82
0.0012859358404484836 0.0026938788345205692 83
0.0013055458702556542 0.0025028246190933849 83
0.0014586545871515119 0.0024275567922571869 83
0.0016202016361038772 0.0025182759153356197 83
0.0016384115500955043 0.0026753736916964583 83
0.0014544675342866241 0.0028577628112460788 83
0.0016403958980890805 0.0026751231333517109 84
0.001622198288598156 0.0025181315084916709 84
0.001810518861876395 0.0023864756156498864 84
0.0019784266946728337 0.0025013733297881242 84
0.0019740274435858991 0.0026537107075034821 84
0.0018049944278203745 0.0027688441140043259 84
0.0019760276834205276 0.0026537312748288575 85
0.0019804253894780618 0.0025014473984305802 85
0.0021612476739641066 0.0023985487930915186 85
0.0023120373845405971 0.0024900402722508388 85
0.0023202508123092908 0.002658105649072279 85
0.00216170781025993 0.0027801062357527754 85
0.0023222461580910949 0.0026579615719143691 86
0.0023140391367461499 0.0024900272850655637 86
0.0024970301021192041 0.0023863423361567457 86
0.0026408118940337969 0.0024785660383286443 86
0.0026377556092172165 0.0026642415517836356 86
0.0025075951257101312 0.0027560093037229433 86
0.0026397575551023226 0.0026641397945490215 87
0.0026428104919724101 0.002478667675647053 87
0.0028292539447481967 0.002391897467425381 87
0.0029348606315197467 0.0024719602245964539 87
0.0029426717652789149 0.0026688086262017384 87
0.0028406785371607578 0.0027598730814961869 87
0.003199 0.0023903964038091258 88
0.003199 0.0027349117370497195 88
0.0029446595128512373 0.0026684601873877209 88
0.0029368707273450157 0.0024721749841614201 88
0.00041690133707372631 0.003199 89
9.9999999999999995e-07 0.003199 89
9.9999999999999995e-07 0.0029035283284709621 89
0.00029807666260297307 0.0028450869775159112 89
0.00041329655789781855 0.0029371874494625505 89
0.00080228035507538896 0.003199 90
0.00041890152663771006 0.003199 90
0.00041529867678345185 0.0029373275747232698 90
0.0006859139282539067 0.0028080051945445828 90
0.00082699430066248086 0.0030299764441348324 90
0.00082842433457035126 0.0030284978823546297 91
0.00068768776153245719 0.0028070675554640817 91
0.0009512237754172499 0.0026559168180261888 91
0.0011026621544554377 0.0027801770478401927 91
0.0010872823428219268 0.0029169207441327931 91
0.0014530636556802821 0.0028591873473841666 92
0.0012346608797311361 0.0030859141968862048 92
0.0010892537541398995 0.0029172870477909584 92
0.0011046480030914559 0.0027804149876223135 92
0.0012846914647593986 0.0026954584748517269 92
0.0018135353754893521 0.0029073763161641931 93
0.0016288078369968784 0.0030527398340977948 93
0.001455852663092811 0.0028592058890786354 93
0.0016396258476437512 0.0026769861567340855 93
0.0018040811148725036 0.0027706255649555802 93
0.002160998495160678 0.0028858343920759649 94
0.0019856544158278382 0.003021689658450899 94
0.0018155333655601096 0.0029072781910601405 94
0.0018060789553410773 0.002770525275937095 94
0.001975012508024016 0.0026554596166953734 94
0.0021607450720448739 0.0027818702666662031 94
0.0025065084014952192 0.0029051079459733857 95
0.0023279444305942662 0.0030155436343682726 95
0.0021629985074216726 0.0028858369844200239 95
0.0021627449840385549 0.0027818317254161345 95
0.0023213756551989121 0.0026597636763889118 95
0.0025066692268264287 0.0027577821042774832 95
0.002845736273527247 0.0028955290862554728 96
0.0026481789593421918 0.0030091784027387238 96
0.0025085083415619706 0.0029051639401261736 96
0.0025086693186718136 0.0027576990599161738 96
0.0026388451537656728 0.0026659204845643448 96
0.0028398758580774341 0.0027617060511283755 96
0.003199 0.0027369788722989429 97
0.0031989999999999996 0.0029076066135851949 97
0.002941601953200256 0.0029745047730078055 97
0.0028477417326159883 0.0028956099736630061 97
0.0028418683965360653 0.0027614918949588852 97
0.0029439557062826949 0.0026703434390654922 97
0.0012338008766359389 0.003199 98
0.00080430162112819672 0.003199 98
0.00082894620556283141 0.0030304508187580974 98
0.0010879331168579037 0.0029188181186751523 98
0.0012336205845053161 0.0030877703775716698 98
0.0016293244634515173 0.003199 99
0.0012358008792632549 0.003199 99
0.0012356206362698038 0.0030878006923117213 99
0.0014544468700521671 0.0028606342455563729 99
0.0016276923940327214 0.0030544930874518185 99
0.0019914642603666094 0.003199 100
0.0016313245910031908 0.003199 100
0.0016296935912920951 0.0030545878016565728 100
0.001814615642547205 0.0029090712201370514 100
0.0019847160752366386 0.003023468821593035 100
0.0023222759507037722 0.003199 101
0.0019934657377903065 0.003199 101
0.0019867148344304554 0.0030233981160500108 101
0.0021619951321968619 0.0028875922671503084 101
0.0023268635106763651 0.0030172379391600391 101
0.0026510955484355071 0.003199 102
0.0023242765876281711 0.003199 102
0.0023288618790904044 0.0030173278189916768 102
0.0025074556818331386 0.0029068736806263594 102
0.0026471189311813212 0.0030108826558750594 102
0.0029444488023517663 0.003199 103
0.0026530959952439787 0.003199 103
0.0026491206744500245 0.0030109439860559451 103
0.0028466540764426388 0.0028973084256026225 103
0.0029403622657645759 0.0029760754341126984 103
0.003199 0.002909673058679587 104
0.003199 0.003199 104
0.0029464491383665945 0.003199 104
0.0029423680403022887 0.00297637211085286 104
