9.9999999999999995e-07 9.9999999999999995e-07 0
0.00027122335968653903 9.9999999999999995e-07 0
0.00026747278970779323 0.0003006969754976238 0
9.9999999999999995e-07 0.00031785242426031105 0
0.00027322351629413495 9.9999999999999995e-07 1
0.00056379241198587654 9.9999999999999995e-07 1
0.00055630464198718865 0.00027582300678102005 1
0.00032502258094235125 0.00034741065441148625 1
0.00026946700701076096 0.00030117156779791739 1
0.00056579315418124946 9.9999999999999995e-07 2
0.00086460576442658047 9.9999999999999995e-07 2
0.00086271950493212787 0.00028039320618151607 2
0.00070349832357535346 0.00038112792849174902 2
0.00055829876831226986 0.00027606582852452734 2
0.00086660581000573306 9.9999999999999995e-07 3
0.0011500753249128232 9.9999999999999995e-07 3
0.0011601681075415465 0.00031475409931689183 3
0.0011031185906169708 0.00037033953606835775 3
0.0008647204711751355 0.00028025683723172974 3
0.0011520763594133523 9.9999999999999995e-07 4
0.0014368971652747634 9.9999999999999995e-07 4
0.001434382889716716 0.00030471536302986311 4
0.0011621490209626037 0.00031412859578638735 4
0.001438897233805403 9.9999999999999995e-07 5
0.0017318056966687317 9.9999999999999995e-07 5
0.0017344701282075135 0.00027202694623030621 5
0.0014918236427161082 0.00035515113825006597 5
0.0014363786176976071 0.00030523968568748824 5
0.0017338057933124643 9.9999999999999995e-07 6
0.0020532269043603319 9.9999999999999995e-07 6
0.0020626734749016177 0.00025143846964261255 6
0.0018600068268371092 0.00035867503507819087 6
0.0017364720709464852 0.00027221473171021115 6
0.0020552283266624749 9.9999999999999995e-07 7
0.0024150963261740884 9.9999999999999995e-07 7
0.0024183049453501216 0.00022094799576985542 7
0.002206165722492296 0.00033722282220807873 7
0.0020646754307373848 0.00025145261417726177 7
0.0024170965389748748 9.9999999999999995e-07 8
0.0027989999999999998 9.9999999999999995e-07 8
0.0027989999999999998 0.00025273838806303322 8
0.0025385786980643313 0.00031469973623470492 8
0.0024203065911365196 0.0002210462256612855 8
9.9999999999999995e-07 0.00066157505387791371 9
9.9999999999999995e-07 0.0003198565647252957 9
0.00026812769624971072 0.00030265895325009841 9
0.00032380643906220347 0.00034900055372769751 9
0.00032680197973128529 0.0005636504088030891 9
0.00032880634228588156 0.00056394905924825951 10
0.00032581026095822129 0.00034926046249036952 10
0.00055710324885224348 0.00027766943272371171 10
0.0007024479605099496 0.00038283656356113873 10
0.00069910497352544871 0.00051742748786265131 10
0.00044048541950599278 0.00066760201892401318 10
0.00083829973094482477 0.00065319027543985235 11
0.00070110120500468942 0.00051760404536659965 11
0.00070444714327882877 0.00038289430014171112 11
0.00086382892312202367 0.00028205797172734572 11
0.0011023763495481358 0.0003721970886939922 11
0.0011065487000513083 0.00055321554084842488 11
0.0010587712748329236 0.00060784450752917924 11
0.0011043703166361087 0.00037191230307287248 12
0.0011616027119681507 0.00031614868118155922 12
0.0014350059623427444 0.00030669501384786356 12
0.001490597043145982 0.00035673794540912369 12
0.0014930853707066673 0.00055772728658717581 12
0.001378022547143585 0.00063791700086841103 12
0.001108540643482247 0.00055284295836946571 12
0.0014950843757102739 0.00055763453795857276 13
0.0014926004300241582 0.00035699913333483329 13
0.001735320298106927 0.00027384980240319901 13
0.0018589480115574362 0.00036037516550898376 13
0.0018636742828917626 0.00053760481841046018 13
0.0016804435014180395 0.00065430309695911333 13
0.001865674514284999 0.00053758683262842698 14
0.0018609504110029119 0.00036043847915277771 14
0.0020636629488763672 0.00025317763214178016 14
0.0022051814557496208 0.0003389649439366775 14
0.0022199339759948677 0.00053777454313532792 14
0.0020357452357821272 0.00064614640339163802 14
0.0022219339254625427 0.00053769975974749602 15
0.0022071854466820342 0.00033894462459779795 15
0.0024192127319403373 0.00022273115185353611 15
0.0025373064060748886 0.00031624337080778786 15
0.0025225806731966906 0.00054342077276424807 15
0.0023917279074851991 0.0006289326568417003 15
0.0027989999999999998 0.0002547942182311889 16
0.0027989999999999998 0.00064383769163916323 16
0.0025245925239242985 0.00054330270122229947 16
0.0025392883472253156 0.00031658672146422993 16
1.0000000000000002e-06 0.00083094096553911964 17
1.0000000000000002e-06 0.00066366344011563523 17
0.00032755185126976386 0.00056551340996390637 17
0.00043936961387033347 0.00066929508802188609 17
0.00044566645843099818 0.0007924980999627503 17
0.00032550203320728949 0.00091880810072203121 17
0.00044137742220870247 0.00066939678850143716 18
0.00069993171336987716 0.00051926015410715142 18
0.00083687540953319788 0.00065459454904943633 18
0.00078765327907136349 0.0008638580842867693 18
0.00069840870568097554 0.00092285951109967511 18
0.00044765657024689159 0.00079225355323088464 18
0.0010585404216798707 0.0006099338531211306 19
0.0011304385209049736 0.00093243070411725261 19
0.0010788481106643775 0.00098913587467984671 19
0.00078970077509788828 0.00086388820870464086 19
0.00083880443653690088 0.00065512833404232174 19
0.0011322937213444891 0.000931560971296484 20
0.0010603887130290332 0.0006090331297747975 20
0.0011078797545798723 0.00055473161573011049 20
0.0013771311182415077 0.00063973287794412415 20
0.0013573609466803202 0.00088991473668209955 20
0.0013593370422171651 0.00089029613619770616 21
0.0013791503176622819 0.0006395688188749742 21
0.0014941665967265342 0.00055941154243896929 21
0.0016795431864598111 0.00065608920928447907 21
0.0016960842883269672 0.00085205247474911009 21
0.0014734498300479806 0.00097797034467366883 21
0.00184896393670701 0.00094037164437238592 22
0.0016980875139588443 0.00085200642959397919 22
0.0016815406995046031 0.00065597548682294485 22
0.0018646884186157109 0.00053933011005559439 22
0.0020347290063399467 0.00064787044582396405 22
0.0020364756780197084 0.00083675665412637483 22
0.0020367292535869962 0.00064788793626132919 23
0.0022209995141733749 0.00053946811153916905 23
0.0023908004450232372 0.00063070474234424993 23
0.0023984906393019981 0.00083115244992186164 23
0.0021921639809692217 0.00093186721635232707 23
0.0020384760086361335 0.00083678316018206392 23
0.0027989999999999998 0.00064596769430628185 24
0.0027989999999999998 0.00079338310643819164 24
0.0025011806276622078 0.00090037662576728428 24
0.002400494901797065 0.00083122520242138954 24
0.0023927987442152548 0.00063062205918345269 24
0.0025236733084545741 0.00054509592983442018 24
1.0000000000000002e-06 0.0011631300587061819 25
1.0000000000000002e-06 0.00083301298799338085 25
0.00032486725674019107 0.00092070824138839051 25
0.00033860665299259595 0.0011196671629322729 25
0.00024100486603068481 0.0011949556600076149 25
0.00034059491245835399 0.0011194281750320177 26
0.00032684378555026324 0.0009202993829522403 26
0.00044689275266222476 0.00079411074518500398 26
0.0006973938873560963 0.00092458596760843339 26
0.00067578566805163141 0.0011050166805986476 26
0.00052802866851521144 0.0011917183137182144 26
0.00067778352461737553 0.0011051539112269498 27
0.00069940683411930614 0.00092459719363406244 27
0.00078863544834778965 0.00086560631775201241 27
0.0010780550839350714 0.00099097193377501109 27
0.0010686225007158199 0.0011139579735842938 27
0.00085057725978221217 0.0012267078334472631 27
0.0010800774750485882 0.00099075657281015887 28
0.0011320405737877254 0.00093364176478242481 28
0.0013580413519370027 0.00089182278640476868 28
0.0014723996118384593 0.00097968559398435053 28
0.0014823000445587803 0.0011209628497887054 28
0.0012423189726085289 0.0013412102786621591 28
0.00107060299205274 0.0011142889197627466 28
0.0014842959843549162 0.0011208349192563753 29
0.001474407382893223 0.0009797264932192469 29
0.0016971259642655371 0.00085376104485240605 29
0.0018479639233188268 0.00094210373223655873 29
0.0018530185975833037 0.0011422577788889378 29
0.0016644785544702731 0.0012500251455604028 29
0.0018550191402409693 0.0011422540170510284 30
0.0018499645614966005 0.00094210375278604218 30
0.002037452635761456 0.00083850184044605581 30
0.00219111289917906 0.00093356875359571509 30
0.0021933364987507041 0.0011408538729044671 30
0.0020249450864176437 0.0012439044800382991 30
0.0021953359830510196 0.0011407950721664343 31
0.0021931136626783241 0.00093362920045515676 31
0.0023994294686977883 0.00083291973139251231 31
0.0025001099810849116 0.00090206757409753079 31
0.0025307565022008572 0.0011129960928544143 31
0.0023945161529029912 0.0012425047441787388 31
0.0027989999999999998 0.00079550825600473304 32
0.0027989999999999998 0.0011794112971342833 32
0.002532713793133321 0.0011125576077559191 32
0.0025021437926916281 0.00090215575212054897 32
0.0012433722515802022 0.0013429582391733016 33
0.0014834088747226499 0.0011226598270820771 33
0.0016633978677364314 0.0012517112593310317 33
0.0016566022205835953 0.0014309684759560221 33
0.0015537396021162058 0.0015026085892023147 33
0.001270441508934116 0.0014098285549751027 33
0.0018597819234058204 0.0015358137861390822 34
0.0016586058713144124 0.0014309100725224688 34
0.0016653957682057456 0.0012518045376797473 34
0.0018540218700786673 0.001143987980789699 34
0.0020239584251515457 0.0012456447900662515 34
0.0020262942437530599 0.0014227709887199311 34
0.0020259583928589763 0.0012456291545662518 35
0.0021943866762518366 0.0011425559834248769 35
0.0023937662829426462 0.0012443674961750441 35
0.0024112166535486972 0.001382199022786386 35
0.0022092664700924121 0.001532025572641732 35
0.0020282938409815544 0.0014227272596318394 35
0.0027989999999999998 0.00118147336491837 36
0.0027989999999999998 0.0013858272311085551 36
0.0025317342456650294 0.0014614415407275345 36
0.0024132170668916876 0.0013820761843705302 36
0.0023957475720336476 0.0012440936051021142 36
0.002532110682022028 0.0011144682587491421 36
0.0012823728893309545 0.0017494905441816321 37
0.0012707375781144442 0.0014120300422226706 37
0.0015528086165599421 0.0015044082164190542 37
0.0015260956843816101 0.0017204168037285878 37
0.0013415720135457015 0.0017943986056990812 37
0.0015280836334062168 0.0017206374482740725 38
0.0015548397528217061 0.0015042796363258571 38
0.0016576572128150951 0.0014326709743321152 38
0.0018588731303874793 0.0015375954758951869 38
0.0018659913682057398 0.001716516266419285 38
0.0016983029219719769 0.0018347835101278549 38
0.0018679884817399876 0.0017164039449614461 39
0.0018608705975468205 0.0015374920429969661 39
0.0020273327812179039 0.0014244832826395425 39
0.0022083705010893123 0.0015338209071760218 39
0.0022206868154750134 0.0016783598641344887 39
0.0020593742319401751 0.0018171986190045133 39
0.0024379252912089958 0.0017908458919059613 40
0.0022226764216253087 0.0016781528294761866 40
0.0022103673718793385 0.0015336991271983347 40
0.0024123116998029021 0.0013838769215542698 40
0.002530591644750774 0.0014630834136243141 40
0.0025445431619343091 0.0017087963890777083 40
0.0027989999999999998 0.0013879057330985236 41
0.0027989999999999998 0.0017576591287368187 41
0.0025465258125208492 0.0017084340985887355 41
0.0025326056593775528 0.0014632735040375703 41
0.00025890526176512794 0.0020441134132593648 42
9.9999999999999995e-07 0.0019922963723065829 42
9.9999999999999995e-07 0.0017520000000000001 42
0.00034360393679894728 0.0017520000000000001 42
0.0003368060135176006 0.0019888029996970899 42
9.9999999999999995e-07 0.001748 43
9.9999999999999995e-07 0.0015077036276934174 43
0.00025890526176512805 0.0014558865867406359 43
0.00033680601351760055 0.0015111970003029102 43
0.00034360393679894733 0.001748 43
0.00053971647727172364 0.0020754008875848596 44
0.00033881035273491852 0.0019886805459290637 44
0.00034560476072582706 0.0017520000000000001 44
0.00067259713729298182 0.0017520000000000001 44
0.00066744686728662309 0.0020015620817273008 44
0.00034560476072582706 0.001748 45
0.00033881035273491847 0.0015113194540709361 45
0.00053971647727172418 0.0014245991124151403 45
0.00066744686728662298 0.001498437918272699 45
0.00067259713729298182 0.001748 45
0.00066944785790687422 0.002001534715150181 46
0.00067461820037260012 0.001751 46
0.00099507474416370536 0.0017510000000000002 46
0.00099900187752932743 0.0019888520251661293 46
0.00084143005583226882 0.0020876561331949666 46
0.00067461820037260012 0.0017490000000000001 47
0.00066944785790687422 0.0014984652848498196 47
0.00084143005583226947 0.0014123438668050335 47
0.00099900187752932743 0.0015111479748338701 47
0.00099507474416370536 0.0017490000000000003 47
0.0011737609004941127 0.0020827800406876132 48
0.0010010012887139424 0.0019887998530829652 48
0.00099707501675249961 0.0017510000000000002 48
0.0012810534816986119 0.0017509999999999995 48
0.0013404006796850733 0.001796020389294886 48
0.0013337035692982302 0.0019823808827516792 48
0.00099707501675249939 0.0017490000000000003 49
0.0010010024483323638 0.0015111299130939448 49
0.0012417272841937653 0.0013442247438993156 49
0.0012686955504572256 0.0014108455771969051 49
0.001280354787392255 0.0017490000000000001 49
0.0015217402867585546 0.0020995396301603021 50
0.0013357039313286662 0.0019824067332561562 50
0.0013423946703788252 0.0017962235349878789 50
0.0015268974879593768 0.0017222500937951724 50
0.0016973123536706308 0.0018365273062437835 50
0.0016960593709502434 0.001974377270938681 50
0.0020738215657630892 0.0019670072543920467 51
0.0018858831802305469 0.0021032904535347287 51
0.0016980595155228363 0.0019743704547099286 51
0.0016993125131703672 0.0018365188477687617 51
0.0018670880831079281 0.0017181901574874479 51
0.0020585707656296101 0.0018190358816308442 51
0.0022314463461852582 0.0020609856529305885 52
0.0020758190776928942 0.0019668803201914847 52
0.0020605588813149083 0.0018188177800694666 52
0.0022218643173899026 0.0016799851768858347 52
0.0024370078098191346 0.0017926230693429697 52
0.0024314375050307514 0.0019595815771392498 52
0.0027989999999999998 0.0017596967877011719 53
0.0027989999999999994 0.002013353368151049 53
0.0025558981680384122 0.0020594748994036838 53
0.0024334332072820561 0.0019597437475062148 53
0.0024390119164547624 0.0017925333354571456 53
0.00254582342794985 0.0017103348132498778 53
9.9999999999999995e-07 0.0023340787665078449 54
9.9999999999999995e-07 0.0019943363398018726 54
0.00025807384287973649 0.0020459863362122578 54
0.00024097117434345618 0.0022940275521660131 54
9.9999999999999995e-07 0.0015056636601981279 55
1.0000000000000002e-06 0.0011651475658971946 55
0.00024034462906268863 0.0011968856171465998 55
0.00025807384287973692 0.001454013663787743 55
0.00024294884992892836 0.0022944201938908696 56
0.00026009694505823498 0.0020457201528334768 56
0.00033791151355596385 0.0019904709303554314 56
0.00053874793949230287 0.0020771611868833631 56
0.00052718766252504506 0.0023057879373287204 56
0.00035262736932411388 0.0023793657596447855 56
0.00026009694505823542 0.0014542798471665244 57
0.00024232049286582592 0.0011964666990139175 57
0.00033980634321904553 0.0011212676336313351 57
0.00052715287804266746 0.0011935241325123035 57
0.00053874793949230287 0.0014228388131166368 57
0.00033791151355596374 0.0015095290696445684 57
0.00085031141471866704 0.0022886968582360931 58
0.00068637135592057856 0.0023923243719423237 58
0.00052918501211285753 0.0023058908860317329 58
0.00054075299019352204 0.0020771118312308654 58
0.00066846904423626188 0.0020032813127594555 58
0.00084051488541708112 0.0020894346006574719 58
0.00054075299019352204 0.0014228881687691347 59
0.00052914816067924227 0.0011933803058661314 59
0.00067667060759805725 0.0011068163047711908 59
0.00084947206161215569 0.0012283756569129182 59
0.00084051488541708166 0.0014105653993425281 59
0.00066846904423626232 0.0014967186872405444 59
0.00085230840193053017 0.0022885864435378592 60
0.00084251255298019192 0.0020893380243627571 60
0.0010000468702909184 0.001990557433149292 60
0.0011728045324465482 0.0020845365601699405 60
0.0011751986752504546 0.0022728292432945027 60
0.0010221961855956818 0.0023700880280975206 60
0.00084251255298019247 0.001410661975637243 61
0.0008514684339803744 0.0012284985775843273 61
0.0010692879057910684 0.0011158654615533302 61
0.0012407585986081555 0.001342462674576468 61
0.00099998339557705557 0.0015094027655561735 61
0.0011771980100401056 0.0022727642118546172 62
0.0011748040590225327 0.0020844866121925887 62
0.0013346830933448355 0.0019841273988720448 62
0.0015207800672058932 0.0021012984625766113 62
0.0015216229967520069 0.002248847967098538 62
0.0013534093412291785 0.0023648147600633636 62
0.0015236228963186682 0.002248824674062956 63
0.0015227798535720845 0.0021012553545122392 63
0.0016970676558634395 0.0019761154559205883 63
0.0018849082987093164 0.0021050471083437564 63
0.0018873758972151411 0.0022442955751989691 63
0.0017055108838806891 0.002366359671958702 63
0.0018893760120593734 0.0022442843365069417 64
0.001886908092250862 0.0021050177382959125 64
0.0020749255254910969 0.0019686772178430642 64
0.0022304151071294454 0.0020626992935325744 64
0.0022346152618915958 0.0022692145692303563 64
0.0020625602557451245 0.0023610934577040208 64
0.0024124177582833411 0.0023653387554622533 65
0.0022366155455313128 0.0022692081792422556 65
0.0022324162725905366 0.0020627362613716564 65
0.0024322897533765506 0.0019613918533922911 65
0.0025545572422865943 0.0020609621911713508 65
0.0025199706000303963 0.0023020377762298966 65
0.0027989999999999998 0.0020153890440302107 66
0.0027989999999999998 0.0023970343925812593 66
0.0025219995838180014 0.0023019784909155444 66
0.0025565158577697026 0.0020613933865475061 66
9.9999999999999995e-07 0.002646663878995331 67
9.9999999999999995e-07 0.0023361064308244947 67
0.00024164785610696543 0.0022959422782248677 67
0.00035142548963416794 0.0023809646074696186 67
0.00033165402522767847 0.0025729244084245618 67
0.00033361388661209908 0.0025734168377245428 68
0.00035341123152903789 0.0023812057646568022 68
0.00052809701771404556 0.0023075750465743816 68
0.00068543529359181392 0.0023940920767555342 68
0.00069441306200667774 0.0025772141356410127 68
0.00045202490538250826 0.0027106038268314035 68
0.00069641675349410082 0.0025772404352248082 69
0.00068743409664025711 0.0023940186654791916 69
0.00085140532935030371 0.0022903714465525751 69
0.0010212938975972911 0.0023718734075057687 69
0.0010309515455791953 0.0025730974573411596 69
0.00084811415147037126 0.002679709990700344 69
0.0010329510625897494 0.0025730394270133791 70
0.001023290855386016 0.0023717620539483752 70
0.0011762546556929878 0.0022745278627252417 70
0.0013525154984847098 0.0023666042751626713 70
0.0013631189358937821 0.0025474636752453811 70
0.0011922998392276543 0.0026576874686724456 70
0.0015286530267185666 0.0026354527523983623 71
0.001365116986959703 0.0025473718551318881 71
0.0013545118747952418 0.0023664838892885451 71
0.0015226439656353253 0.0022505733271609108 71
0.0017045239037653229 0.0023681031235588085 71
0.0017052819124505896 0.0025273831140813054 71
0.0017065238568407842 0.0023680885043857996 72
0.0018883840210362393 0.0022460276622695025 72
0.002061468248944833 0.0023627693249334779 72
0.0020501723309987335 0.002553460152415797 72
0.0018686675462077059 0.0026339620225634894 72
0.0017072820260967739 0.0025274022355549052 72
0.0020521652524148819 0.002553638833714021 73
0.0020634653509777195 0.0023628774315985535 73
0.0022356218997992166 0.0022709443184421958 73
0.002411406705182089 0.0023670653761220044 73
0.0024011332882205197 0.0025785746587238863 73
0.0021947195721520258 0.0026568053830853281 73
0.0027989999999999998 0.0023991488758495134 74
0.0027989999999999998 0.0025714824180765954 74
0.0025012093712169893 0.002656065639819048 74
0.0024031241648270456 0.0025788110346327154 74
0.0024134085315625445 0.0023670763178995024 74
0.002521002843391195 0.0023037509311598105 74
9.9999999999999995e-07 0.0028395333322447564 75
9.9999999999999995e-07 0.0026487130094322727 75
0.00033220877624150186 0.0025748498233070668 75
0.00045077611244604635 0.0027122179164898539 75
0.00044503242124665344 0.0028142309374784985 75
0.0003341187931383793 0.0029213744271251378 75
0.00045276454415491777 0.0027124796385015909 76
0.00069538914408851015 0.002578959829154986 76
0.00084708263119987891 0.0026814267428937927 76
0.00084952567061753401 0.0028525802612186396 76
0.0006940540150191007 0.0029659103781570378 76
0.00044704079359610105 0.0028141384961282044 76
0.00085152454347291922 0.0028524870229150907 77
0.00084908331030895848 0.0026814600464186481 77
0.001032002146098247 0.0025748000243938233 77
0.0011913918234644002 0.0026594697930257707 77
0.0012052366913173434 0.0028491670210034434 77
0.0010475213787193925 0.0029600673023448295 77
0.0012072300141633002 0.0028490026460273004 78
0.0011933894653105848 0.0026593645953837623 78
0.0013641972278504327 0.0025491481154855614 78
0.0015277130887489223 0.0026372181443701783 78
0.0015372626280163984 0.0028355672850011609 78
0.0013861285534422388 0.0029329705810952227 78
0.0015392591399132601 0.0028354467179628581 79
0.0015297120967532123 0.00263714942284499 79
0.0017062641521283243 0.0025291267928575665 79
0.0018675269203118515 0.0026356055291050281 79
0.0018495412614967155 0.0028501354072753738 79
0.0017187532419379091 0.0029199527408176646 79
0.0018515448576888877 0.002850176203251854 80
0.0018695199945385451 0.0026357718292954724 80
0.0020510142305133379 0.0025552746378092036 80
0.0021935256641276921 0.0026584101504970041 80
0.0021757055888689926 0.0028680798310242056 80
0.0020429067278319958 0.0029479794078672403 80
0.0021777122038274671 0.0028680868381710887 81
0.0021955130436409395 0.0026586434804622299 81
0.0024019258731564682 0.0025804130921040446 81
0.0025000174971543331 0.0026576727519748138 81
0.0025123175254901783 0.0028850276022956054 81
0.0024032796618284479 0.0029826434210341217 81
0.0027989999999999998 0.0025735615297889881 82
0.0027989999999999998 0.0029465696285895663 82
0.0025142993465138998 0.0028846375193856888 82
0.0025020332964847147 0.002657910727197284 82
9.9999999999999995e-07 0.0031702959123375198 83
9.9999999999999995e-07 0.0028415928072801425 83
0.00033341120015752275 0.0029232600597191012 83
0.00033194998014876727 0.0031427390059539694 83
0.00025920594304114781 0.0031985668253024335 83
0.00033395139668484944 0.0031425328962502576 84
0.00033541361240185038 0.0029229043921150362 84
0.00044614594617486291 0.0028159360343080497 84
0.00069307208003332988 0.0029676544072838283 84
0.00068427538244299039 0.003137166987277886 84
0.00055340533550601737 0.0032213441341154996 84
0.00068627804429294444 0.0031371675525422335 85
0.0006950754799752777 0.0029676407494972109 85
0.00085060866606950173 0.0028542657802784633 85
0.0010466002753370951 0.0029618431912319448 85
0.0010507996862943209 0.003143156696398146 85
0.00087499593747622376 0.0032448929430794085 85
0.001052800215874406 0.0031431564035712071 86
0.0010485987614852073 0.0029617546713137815 86
0.0012063757416073356 0.002850811027373874 86
0.001385230100562997 0.0029347582259364505 86
0.0013937198986116108 0.0031458411533203468 86
0.0012094907842525461 0.0032387552238550975 86
0.0013957218275673113 0.0031458489092411925 87
0.0013872270429418625 0.0029346419999639836 87
0.0015383648896284692 0.0028372362728087152 87
0.0017177475257174793 0.0029216898173770583 87
0.0017057083640564566 0.0031509169566586248 87
0.0015411632257275522 0.0032284435906736564 87
0.0018692608033028493 0.0032413540390809977 88
0.0017077068817668432 0.0031509976641334752 88
0.0017197504006720176 0.0029216875623799244 88
0.0018505023702211887 0.0028518894730738828 88
0.0020419212414983538 0.0029497218104186538 88
0.0020336572212131363 0.003154174947091398 88
0.0020439236901957287 0.002949701632891719 89
0.0021766997310221051 0.0028698157860246624 89
0.0024024379969776561 0.0029844591153349665 89
0.002402708273999818 0.0031350600597003786 89
0.0021913658888471593 0.00324813864608962 89
0.0020356562856563769 0.0031542384965338108 89
0.0027989999999999998 0.0029486164027325316 90
0.0027989999999999998 0.0031707300585859083 90
0.0025125456748830359 0.003228522808800672 90
0.0024047085298011385 0.0031352007999896846 90
0.0024044376986093585 0.0029842910670074101 90
0.0025136284727824286 0.0028865383555945791 90
0.00026283736724507368 0.0034989999999999999 91
9.9999999999999995e-07 0.0034989999999999999 91
9.9999999999999995e-07 0.0031723078646359896 91
0.00025850915441871509 0.0032005024863650485 91
0.00054895758577889326 0.0034989999999999999 92
0.00026483757748391472 0.0034989999999999999 92
0.00026050341513705671 0.0032000921745001677 92
0.00033312247416495197 0.0031443602702800741 92
0.00055252237950982846 0.0032231521034120246 92
0.00087316865890827637 0.0034989999999999999 93
0.00055095775277691494 0.0034989999999999999 93
0.00055452448260636441 0.0032230022858508764 93
0.00068527840064798906 0.0031388998344787614 93
0.00087399743815445212 0.0032466258782272443 93
0.0012092963656145179 0.0034989999999999999 94
0.00087516866969245129 0.0034989999999999999 94
0.00087599745472225301 0.0032466241170374809 94
0.0010517996272400942 0.0031448887825487781 94
0.0012084464673005081 0.0032404609236545224 94
0.0015379751035520966 0.0034989999999999999 95
0.0012112963764209013 0.0034989999999999999 95
0.0012104466496463528 0.00324051310596045 95
0.0013947169641677459 0.0031475782565449999 95
0.0015401156916722567 0.0032301487057488057 95
0.0018641295670558274 0.0034989999999999999 96
0.0015399751669441871 0.0034989999999999995 96
0.0015421152997929252 0.0032302058864413265 96
0.0017066364678989573 0.0031526905461704596 96
0.0018682386119251988 0.0032430738917378671 96
0.0021981278504986886 0.0034989999999999999 97
0.0018661298248212122 0.0034989999999999999 97
0.0018702384600458811 0.0032430994058847921 97
0.0020346015714709301 0.003155937976257774 97
0.0021903538124265114 0.0032498638383734336 97
0.0025015172821273462 0.0034989999999999999 98
0.0022001288239497209 0.0034989999999999999 98
0.0021923552150305177 0.0032498775915250971 98
0.0024035748762935689 0.0031368646684619469 98
0.0025112457172460478 0.0032300427580749711 98
0.0027989999999999998 0.0031727703564992061 99
0.0027989999999999998 0.0034989999999999999 99
0.0025035185900362834 0.0034989999999999999 99
0.0025132332210678838 0.0032304243928547682 99
